*************************This File Contains Accuracies\nTimes(sec) of the algorithms*******************

C:\Users\Nadir\Desktop\Coding\451HW3\venv\Scripts\python.exe C:/Users/Nadir/Desktop/Coding/451HW3/main.py

---------------------------------------CALC START--------------------------------
0.9713571428571428----k=1------test_size=0.2
909.6551332473755

0.9655714285714285
908.218266248703

0.9727857142857143
911.1885397434235

0.9706428571428571
909.2490284442902

0.9714285714285714
908.1872882843018

0.97
908.845205783844

0.9712857142857143
908.6094346046448

0.9692857142857143
909.6503348350525

0.9694285714285714
910.7684481143951

0.9693571428571428
911.4054052829742

0.9692142857142857
910.2713761329651

0.9681428571428572
910.9009783267975

0.968
908.9100728034973

0.9672142857142857
908.3600974082947

0.9667142857142857
909.5936803817749

0.966
910.5767736434937

0.9661428571428572
909.7197754383087

0.9651428571428572
909.5782306194305

0.9655714285714285----k=20
911.0002381801605

--------------------test_size=0.5
0.9650857142857143----k=1
1602.8380851745605

0.9593714285714285
1602.723981142044

0.966
1603.077201128006

0.9647428571428571
1604.29723072052

0.9653714285714285
1608.3125610351562

0.9642571428571428
1603.9376165866852

0.9648
1603.390457391739

0.9632285714285714
1603.8276479244232

0.9634
1604.4450867176056

0.9624571428571429
1620.395452260971

0.9618571428571429
1597.031723499298

0.9615428571428571
1597.4225497245789

0.961
1597.3126952648163

0.9598857142857142
1598.3428416252136

0.96
1597.7184612751007

0.9587142857142857
1599.860261440277

0.9586
1598.9322490692139

0.9580285714285715
1598.2540514469147

0.9572285714285714
1600.1728460788727

----------------------test_size=0.8
0.9518035714285714----k=1
866.2966568470001

0.9426964285714285
875.2966601848602

0.9522678571428571
866.6244854927063

0.9510714285714286
866.7499086856842

0.9513214285714285
867.1093416213989

0.9503035714285715
866.8142690658569

0.9500357142857143
875.7181932926178

0.9485714285714286
867.2336513996124

0.947625
868.4993069171906

0.9465357142857143
867.4222865104675

0.9457321428571429
867.0314993858337

0.9444107142857143
866.0898132324219

0.9440892857142857
866.425187587738

0.942625
867.1984901428223

0.9417678571428572
867.5363655090332

0.9406785714285715
867.0942091941833

0.9400892857142857
875.4058668613434

0.9390535714285714
867.7353026866913

0.9384464285714286----k=20
866.421267747879

-------------------------------------NAIVE BAYES
----------MNB(Multinomial)
0.8191428571428572
1.6038737297058105

0.8223142857142857
1.503448247909546

0.8231964285714286
1.4722931385040283

----------GNB(Gaussian)
0.5492142857142858
3.7394745349884033

0.5446285714285715
5.898592948913574

0.5391071428571429
7.929447650909424

-----------------------------------DECISIONTREE
0.19735714285714287----max_depth=1----test_size=0.2
2.775503158569336

0.3407857142857143
3.962113618850708

0.49364285714285716
5.1892101764678955

0.5875
6.415367603302002

0.6665
7.6181395053863525

0.7280714285714286
8.773797035217285

0.7702142857142857
9.79208517074585

0.8033571428571429
10.724524736404419

0.8310714285714286
11.713541746139526

0.8491428571428571
12.73830771446228

0.8595714285714285
13.481095790863037

0.8649285714285714
16.114487171173096

0.8666428571428572
14.938826084136963

0.8717857142857143
15.620943546295166

0.8737857142857143
16.304071187973022

0.8727142857142857
16.88148331642151

0.8712142857142857
17.305177211761475

0.8712857142857143
17.80810856819153

0.8697857142857143------max_depth=20
18.426503896713257

---------------------------test_size=0.5
0.19934285714285715------max_depth=1
2.227154016494751

0.34437142857142855
2.9692859649658203

0.4938
3.6458723545074463

0.5952285714285714
4.341272592544556

0.6725428571428571
5.043286561965942

0.7366571428571429
5.681932210922241

0.7740285714285714
6.299900770187378

0.8045714285714286
6.915637731552124

0.8296
7.433211088180542

0.8441142857142857
7.948212623596191

0.8519428571428571
8.436415672302246

0.8558857142857142
9.019879341125488

0.8578857142857143
9.34470534324646

0.8601714285714286
9.700509071350098

0.8592571428571428
10.021932363510132

0.8605142857142857
10.32584524154663

0.8584571428571428
11.49532175064087

0.8604285714285714
11.210788249969482

0.8576285714285714
11.094796180725098

--------------------------test_size=0.8
0.19666071428571427------max_depth=1
1.7975242137908936

0.33985714285714286
2.4905648231506348

0.48344642857142855
2.6215338706970215

0.5919642857142857
2.5440726280212402

0.6641071428571429
2.7687604427337646

0.7281071428571428
2.996495485305786

0.7624642857142857
3.214906930923462

0.7874464285714285
3.4426751136779785

0.8098928571428572
3.6516332626342773

0.8208035714285714
3.809044599533081

0.8258214285714286
3.9471826553344727

0.8246607142857143
4.094403028488159

0.8261964285714286
4.241704225540161

0.8271428571428572
4.310837984085083

0.8279107142857143
4.648911714553833

0.8265892857142857
4.558292865753174

0.8273392857142857
4.61589503288269

0.8248214285714286
4.701242208480835

0.8236071428571429----max_depth=20
4.726305961608887

Process finished with exit code 0
